0.0498433
0.0504829
0.0504792
0.0505072
0.0504871
0.050485
0.0504896
0.0505331
0.0505786
0.0506106
0.0506203
0.0506043
0.0506243
0.0506298
0.0506839
0.0506955
0.0507285
0.0507457
0.0507751
0.0507651
0.0507004
0.0506551
0.0506244
0.0506189
0.0506352
0.0506539
0.0506836
0.0506971
0.0506594
0.0506166
0.0505634
0.0505536
0.0505737
0.0505783
0.0506015
0.050596
0.0505301
0.0504399
0.0503979
0.050403
0.0504377
0.0504708
0.0504774
0.0504607
0.0503992
0.0503204
0.0502506
0.0502149
0.050255
0.0503073
0.0503598
0.050368
0.0503359
0.0502522
0.0501862
0.0501146
0.0500686
0.0500434
0.0500662
0.0500707
0.0500203
0.0499442
0.0498251
0.0497282
0.0496783
0.0496585
0.0496584
0.0496698
0.0496685
0.0496835
0.0496491
0.0495925
0.04951
0.0494419
0.0494615
0.0495489
0.0496396
0.0496821
0.049676
0.0496134
0.049521
0.0495009
0.0495122
0.0495334
0.0495696
0.0496044
0.049613
0.0495927
0.0495455
0.0495033
0.049536
0.0496572
0.0497954
0.0498978
0.0499538
0.0499963
0.0500171
0.0500222
0.0500507
0.0501445
0.0502426
0.0503352
0.0503792
0.0503765
0.0503789
0.0503897
0.0504058
0.0504029
0.050421
0.0504824
0.0505173
0.050459
0.0503758
0.0503218
0.0503113
0.0502916
0.0501757
0.0500374
0.0498923
0.0497988
0.0497435
0.0497601
0.0498132
0.04986
0.0498569
0.0498285
0.049779
0.0497521
